959201 1.85 2.04
959201 1.64 1.19
959201 1.69 1.10
959201 1.13 2.96
959201 1.93 0.11
959201 1.94 2.66
959201 3.17 2.74
959201 3.08 2.39
959202 2.48 0.30
959202 1.41 0.79
959202 3.15 1.01
959202 2.03 2.04
959202 1.30 0.41
959202 3.66 2.16
959202 3.40 0.32
959202 2.10 1.96
959203 2.39 1.48
959203 2.25 2.34
959203 0.73 2.15
959203 1.10 2.71
959203 1.78 2.67
959203 0.82 1.00
959203 3.28 2.10
959203 0.68 0.59
959203 0.80 0.09
959203 0.58 2.23
959204 0.81 1.50
959204 1.64 1.44
959204 1.14 2.71
959204 3.59 1.83
959204 1.62 1.85
959204 0.64 2.58
959204 3.52 2.42
959205 3.82 1.73
959205 1.66 0.55
959205 0.34 0.72
959205 0.93 2.66
959205 1.53 0.09
959205 2.28 1.47
959205 0.95 0.50
959205 2.31 2.94
959206 2.74 2.14
959206 0.79 1.50
959206 0.37 1.41
959206 1.09 0.18
959206 1.18 2.05
959206 1.60 0.13
959206 1.93 0.21
959206 0.24 1.56
959206 0.95 0.29
959207 3.10 2.45
959207 0.02 2.45
959207 3.62 2.17
959207 2.82 0.45
959207 1.85 1.98
959207 2.21 1.56
959207 0.85 2.92
959207 1.74 1.95
959208 3.75 2.40
959208 2.09 1.36
959208 1.98 1.30
959208 0.83 2.48
959208 1.86 0.25
959208 2.40 0.40
