   1.1576131e+00   8.0995468e+00   5.4949910e+00   1.5973517e+00  -1.8653062e+00   2.3315145e+00
   2.9705928e+00   1.5924387e+01   9.1746249e+00   7.0881392e+00   6.6798403e-01   1.4044033e+00
   3.9571669e+00   2.2484093e+01   1.3814355e+01   9.0634456e+00   3.9244695e-01   2.6234683e+00
   4.4853756e+00   2.5294865e+01   1.3686702e+01   1.0312886e+01   1.1968292e+00   6.3093746e+00
   5.8002805e+00   3.1358873e+01   1.9688632e+01   1.4335088e+01   1.3914938e+00   3.1620303e+00
   6.1418863e+00   3.3224912e+01   1.8975610e+01   1.3926394e+01   2.5032843e+00   6.7000281e+00
   7.4217613e+00   3.9595071e+01   2.2355070e+01   1.8068804e+01   2.7211755e+00   5.9025928e+00
   8.9157355e+00   4.6363132e+01   2.7000458e+01   2.1796797e+01   4.5491731e+00   8.9385413e+00
   9.7922073e+00   5.1271992e+01   3.0724756e+01   2.3241410e+01   5.2329741e+00   4.7869813e+00
   1.0959492e+01   5.6139836e+01   3.3798344e+01   2.6534374e+01   6.1679479e+00   7.1931376e+00
