566
958
183
694
317
712
309
336
108
482
449
645
817
788
895
929
566
937
327
857
571
586
417
207
948
868
960
669
924
592
723
639
892
485
643
471
713
622
551
875
600
808
924
926
504
575
282
678
254
340
225
29
892
279
987
605
914
989
236
716
521
613
879
191
216
817
381
873
574
996
90
288
618
633
622
940
967
222
117
10
595
37
443
99
780
755
701
665
963
953
664
67
532
875
527
124
872
18
546
411
368
901
897
720
346
367
922
262
653
974
50
37
316
895
385
231
329
257
522
664
395
637
380
116
93
717
528
498
883
851
307
679
971
739
157
119
388
919
400
944
299
971
666
45
29
127
879
975
206
548
464
540
291
952
33
221
539
719
90
271
11
590
253
408
767
910
751
271
693
899
368
147
67
365
226
110
111
433
981
343
394
706
34
292
575
166
485
953
271
933
53
871
118
974
644
376
491
430
622
355
111
