200
741
292
529
600
652
703
899
869
777
6
762
703
949
823
754
908
394
558
52
603
26
863
141
912
573
837
616
518
61
411
143
695
189
276
74
996
820
698
813
279
901
525
566
922
359
345
745
251
197
709
2
365
685
431
246
297
824
869
770
226
157
584
187
149
248
166
187
84
382
25
132
469
2
143
150
556
888
852
126
284
790
136
434
949
303
969
677
575
289
856
957
790
422
678
319
24
874
242
603
535
162
830
302
557
525
336
313
290
145
194
213
133
951
207
691
936
277
744
27
740
946
973
930
279
333
226
149
103
305
281
703
789
761
412
354
251
946
340
630
496
776
636
549
761
126
241
329
291
241
3
755
612
90
314
251
109
598
344
796
710
987
312
483
796
260
41
725
194
908
509
365
958
525
795
842
204
933
66
724
948
237
434
319
46
579
285
898
274
769
721
303
389
629
114
557
795
520
586
906
924
525
542
17
643
352
415
824
273
630
821
751
448
143
204
249
358
294
387
24
871
531
866
501
287
244
755
486
514
494
395
262
547
366
134
387
752
592
611
172
720
888
634
911
128
746
37
766
248
236
815
646
948
34
362
624
216
964
374
38
805
87
48
64
399
21
41
672
799
302
865
774
970
601
642
499
497
287
606
546
805
63
166
411
844
404
253
474
543
984
413
236
474
615
771
969
369
243
658
629
579
126
952
65
862
552
142
891
