 5.83496808e+00 6.95836985e+00 8.99979519e+00 8.94589962e-01 1.44424515e-01 3.41245698e+00 -2.24695473e-01 1.73680351e+00 5.78150072e+00 6.57898991e+00
 5.64833470e+00 7.10251419e+00 8.58836720e+00 8.05834118e-01 2.83703395e-01 7.10463033e+00 3.39833014e+00 1.66721910e+00 6.87805896e+00 6.42636542e+00
 4.64095407e+00 7.49736481e+00 8.45816128e+00 9.82723922e-01 8.11936797e-01 -9.84971880e-01 1.08485813e+00 1.90546912e+00 6.32768645e+00 6.82457989e+00
 5.27270182e+00 6.47210416e+00 8.13340852e+00 8.26681990e-01 1.32520193e-01 7.45223736e+00 -3.73488110e-01 1.81294923e+00 5.50362477e+00 5.25853894e+00
 5.03471498e+00 7.00336246e+00 8.69632845e+00 8.41619613e-01 4.71100157e-01 4.11021832e+00 -1.49772448e+00 1.91201501e+00 6.36566050e+00 5.94571991e+00
 5.64916614e+00 6.50867077e+00 8.76934102e+00 9.57508678e-01 7.51332399e-01 7.26847390e+00 -1.05059368e+00 1.80588367e+00 5.53504439e+00 5.29220328e+00
 4.28760574e+00 6.34539804e+00 8.87339844e+00 8.26162291e-01 3.11233275e-01 1.49851103e-01 2.57385662e+00 1.56364997e+00 3.83403133e+00 6.11117563e+00
 5.89107574e+00 6.13675954e+00 9.19626564e+00 8.19822422e-01 9.11319439e-01 2.07962188e-01 2.72608858e+00 1.52622124e+00 3.13091816e+00 6.49918282e+00
 4.64523431e+00 6.21634351e+00 9.13911746e+00 9.85639347e-01 7.18068629e-01 7.63290035e-01 -5.41575552e-01 1.94972668e+00 4.76600152e+00 6.13916519e+00
 5.59523261e+00 7.38413196e+00 8.33824439e+00 9.29203660e-01 2.12653989e-01 5.75606422e+00 7.06162346e-01 1.67489243e+00 2.83371419e+00 6.19289648e+00
 5.67947326e+00 7.23639790e+00 8.14341114e+00 9.35455182e-01 3.09105405e-01 3.89922472e+00 2.74878266e+00 1.71426142e+00 3.03818548e+00 6.61116348e+00
